3588
2532
846
1722
4771
1473
1519
2962
3739
1909
1161
3956
1510
3364
5207
3778
3754
2316
4314
1537
575
3004
4160
1065
935
3165
2474
2250
1096
3326
1325
2596
1063
3624
5100
2992
5495
3756
444
1223
435
3962
1437
2064
2193
4172
2980
2983
191
3708
3056
2400
2424
2228
4198
4383
1487
2443
3686
3361
235
80
1135
2192
2076
2588
4183
1484
40
3598
4012
5590
3844
1097
1565
2036
3173
1438
1525
2409
1831
3319
1563
3772
2476
2419
302
1417
4151
1492
5204
2068
5456
305
649
3788
2448
3767
2094
3735
3568
2147
5213
3745
125
2041
5547
758
266
2198
3450
3592
599
5216
3761
5087
5101
2364
2564
165
4487
5117
450
2089
1799
3303
5613
1411
18
4675
1994
5259
1401
4442
2281
4750
5442
5228
932
129
1410
5209
1391
3551
5399
2258
4396
2776
32
2257
1125
4633
3816
654
5443
2379
2384
4098
3762
3618
4982
4549
1342
2531
2540
2048
1726
5140
3960
2033
1854
2597
4190
2288
740
2190
3694
2212
2
936
303
25
1343
2378
4863
142
1538
1520
2556
473
4439
5124
1781
2127
4228
5119
1242
5037
1360
694
1080
4263
2309
2222
3037
3650
3614
5505
3860
4095
3384
4970
4561
1515
5342
565
3752
3586
2570
2919
4100
5328
4594
1176
4171
4632
4002
2087
3571
2007
4102
3142
4862
246
4690
3709
5043
2479
2372
4413
2453
1656
3101
3725
4369
68
1785
2501
11
897
1501
1821
5064
1093
2440
4864
2920
5553
5088
3748
615
2934
2641
5210
312
4352
2521
264
4253
225
991
4133
3448
5485
4572
4083
71
2523
1188
1208
611
5023
3427
2917
1725
2374
1522
746
3704
3631
1074
2787
3746
4215
4245
4983
458
4671
2889
1806
455
243
1540
4128
3779
2165
1637
4459
2446
765
3162
93
2837
591
5457
5620
4571
5343
3793
5154
3870
5308
5158
4678
5616
2071
975
3808
3775
2362
37
2187
1218
1577
3753
2246
3646
166
3403
1453
3825
4404
3404
3019
169
3313
4937
4374
3982
1016
1607
3498
4139
395
833
1435
1715
2817
4521
958
5312
1321
4592
2590
4680
2254
4129
1808
1415
5056
2513
2248
2090
4622
3306
2462
5401
4334
906
1448
4074
1699
5607
1330
757
4336
1100
4137
5144
4170
1531
3398
3841
5561
5013
2816
2455
3965
3972
1544
1526
1587
1459
2342
4931
3854
5491
706
1427
3366
2525
716
2799
5225
2719
5438
1564
4991
3441
2896
2078
1521
1398
4317
5038
2289
3928
399
4004
5610
2347
1210
4545
1632
5062
680
4769
2819
863
154
3765
2478
124
3813
2928
3507
2398
4395
245
268
2464
1763
1122
1921
4416
1012
4674
2491
2038
1345
1578
2290
281
3777
4992
1803
2380
2902
1680
2233
26
2511
4105
1807
2249
4655
79
3310
1614
749
1392
1883
4920
4434
3023
1679
1511
994
3195
1653
601
878
1166
1746
1442
321
3367
1478
3049
2117
4043
4947
1859
2549
4134
1849
1567
2065
2073
4540
3664
1224
1700
94
5550
1377
3392
1014
4008
3747
4103
5463
3042
3485
2167
4929
3688
4337
3936
2408
3611
290
946
3000
2836
4225
3501
5311
4687
5346
2269
5015
5108
1023
1209
3759
3123
134
4815
3706
1588
5507
4335
286
1163
190
2259
1843
240
4143
4073
5330
3379
2307
5092
3084
1440
2480
5083
5067
390
2505
2645
5384
2768
2618
1698
4166
4149
260
161
2344
2232
5270
2449
5477
3008
522
1691
3558
2075
684
2498
5315
1015
4127
1914
3107
3030
1488
4969
3641
3699
3144
1380
770
622
4621
1533
4077
5129
1107
2932
5571
4536
2346
4071
2537
4907
5568
4339
3170
2784
2638
1182
299
2129
5466
3140
4749
2334
1250
3358
2729
337
5339
459
5132
2235
3372
2875
1627
3992
2504
2572
4218
91
2614
3850
5275
1683
3440
5053
756
5503
417
5479
314
353
2907
652
3814
2390
1839
1045
5217
4420
1158
3475
907
2756
2545
3152
27
86
2348
1085
153
5327
1939
1192
1451
2098
1497
5185
997
5143
3017
2171
1798
2097
5205
1980
3495
1124
2864
103
4016
1648
4613
3973
2296
5548
1204
763
5219
3408
373
4222
2617
5021
2411
2368
896
4661
4168
3744
1556
1311
1162
4531
1835
3880
2943
5130
2509
1056
3993
5115
537
953
2944
2507
1911
860
1140
467
3638
3811
630
5278
2923
1108
3583
4638
839
5127
1390
5310
288
2425
2697
939
1344
114
5137
685
2845
1064
1535
3985
4202
3710
3933
1033
5109
228
2609
1685
2046
3751
1651
189
5316
903
5421
5145
1727
2410
2492
2172
4165
1825
2414
4519
5602
1557
4221
782
2901
1812
4537
4412
3809
2530
3129
1289
4159
5007
393
859
3983
2574
4169
2664
5126
152
3112
4238
3545
4145
5600
1320
2049
2744
4585
3089
106
2681
1295
5532
167
2559
3599
4229
1138
2900
2373
2872
1287
3957
837
1841
5071
2722
2906
3996
3601
2647
2092
5528
3137
710
760
1228
2827
3192
4192
1011
3153
1154
4014
3022
4693
1910
5147
3780
4826
1334
1905
133
2720
4604
3803
3575
5455
700
5407
4150
3340
3419
1860
3076
2496
1622
2218
5059
4091
4642
4119
1424
4912
5293
4444
3088
3680
2106
3700
2359
4762
5011
1987
2324
4001
4526
1271
4877
2128
2070
3503
5565
4639
4692
904
1352
308
514
854
1855
5452
5368
1186
2323
1937
5196
891
4116
2879
3679
4876
1491
2401
2268
1205
1765
5319
530
3727
1504
3741
4387
5028
2136
3991
1752
998
121
2847
2194
3068
4009
4204
4741
4930
520
3009
3789
4114
4059
2518
2730
3184
5093
2470
4327
5567
3784
1035
4735
726
3947
544
4189
372
1741
4717
3422
3949
1388
3918
1051
2460
4816
5091
5180
3047
5164
1131
5506
5184
518
59
2370
386
2205
4670
4111
4584
1372
2137
1968
3719
3958
4990
1381
4060
3737
1397
2859
3594
4226
4058
1066
5357
3666
3853
12
2325
3481
2095
2197
4808
3516
3676
3113
3565
2062
3196
4524
2486
2297
1608
2825
4546
1529
768
2326
1078
2873
1147
3590
3893
2908
5258
2206
2264
3141
2666
3087
3014
2936
1788
996
1581
3584
1944
568
808
3799
5290
3522
5395
5509
2795
4052
3449
2385
2311
1992
1279
257
3667
3520
1252
881
772
3842
3610
2813
4570
792
1040
2226
1636
4250
1813
3538
2421
819
507
2961
5281
1774
1272
5048
2665
1658
5461
2270
2662
4061
938
3874
2853
600
236
4614
3845
4905
4908
4440
2039
3908
3062
1399
5615
1137
3307
2112
5055
1893
1151
4972
1119
1404
5429
173
987
2135
4645
3899
2671
1590
3091
3696
5274
3681
4053
4772
1244
3539
307
1782
2779
5428
2563
2805
3051
2008
227
2241
4582
977
1247
1886
3483
447
2965
5475
2168
1413
3383
2338
956
3628
3466
3900
5036
3774
1516
3820
2502
76
4579
1572
1887
5404
4024
1146
686
3794
4623
5464
5376
5618
3542
2967
948
2657
1184
3997
1006
3563
4109
48
2808
1847
4567
4486
1189
4209
737
5411
2586
3717
1249
705
3077
1431
1767
2915
1294
2081
1702
925
162
5080
3036
3768
5046
4367
1350
2298
720
230
2598
3149
3705
4453
2573
1611
4313
509
926
4422
721
200
310
1706
1041
2736
1984
203
1248
5543
5014
5623
4097
1261
3570
4214
2376
5266
4948
3360
5579
5192
3461
2690
4788
1110
979
2243
5131
538
3589
4892
1801
818
3661
4246
4755
1263
1121
367
4138
1654
1144
2679
1445
3191
877
4938
5398
2733
4714
564
5426
3606
1106
5604
2422
1322
2716
4756
4125
5022
105
3815
3421
2812
2082
3521
4605
3528
3736
1672
3954
4893
4081
4224
2904
1832
3668
2749
4164
941
8
1367
2675
4066
4966
661
3857
2788
5160
2337
50
427
284
241
3388
1941
4161
3941
2673
2541
1534
2616
4624
5004
3418
4341
3726
3587
2495
3670
769
3510
4685
2441
304
128
5128
4625
3722
5268
3627
4121
5526
3732
1060
2435
3179
4867
2927
5611
1266
1087
3916
921
744
5302
2524
1856
285
440
3986
747
3464
764
218
2798
1362
3061
1312
331
4578
1777
2223
798
5560
2822
4973
4710
528
2968
2063
608
5045
4819
4078
4979
2436
4716
1092
1439
1562
1299
779
504
3187
4757
3660
2751
7
5408
2619
3724
4152
2974
5348
2240
3431
1754
2354
102
899
2176
3035
3029
2554
3053
3687
4203
1689
1105
5318
571
1203
1784
3025
3371
2745
3509
66
2777
4727
4823
3309
438
5191
1650
1934
667
1922
1047
2877
5253
4448
4700
2339
4394
2034
2575
3822
239
1857
5544
363
1894
796
5444
2056
2216
1260
4649
2753
402
3566
2488
3148
4733
4646
5244
3128
4042
5287
4130
5329
5095
2407
1386
3952
4089
144
3328
4023
4483
4386
2869
2355
3757
5034
251
5483
4140
5530
4088
2493
1713
485
1127
156
5504
3083
1601
1319
4286
2985
4115
4254
4147
1094
701
5156
965
5552
1729
4157
265
2403
5118
4719
3314
2375
4600
3581
1996
5243
4072
4591
3604
976
2723
2487
2300
301
4967
2219
3341
4726
1734
3619
5531
3164
1621
620
2183
140
5563
407
2949
3109
5142
3015
3344
1586
1749
4732
911
2918
30
2166
3634
5257
1026
4851
4718
20
2022
5198
4141
892
1118
3649
2548
2080
2010
2310
515
5338
3623
5418
1349
3146
1543
4430
4431
1213
5578
3502
2842
2392
3961
2186
3172
785
1428
2125
4328
5057
1111
5351
2706
3155
5574
576
1625
5201
2797
3163
5153
901
957
2118
4848
3886
5537
5172
1062
4689
759
5165
5231
3415
988
4601
2627
4728
2247
4178
1655
5110
164
3609
1198
5214
3554
3493
4419
2629
2579
3117
1802
1407
2746
5549
659
1155
5305
908
2868
2032
4653
5010
2705
3027
456
3474
3930
2732
5273
3482
1024
2050
2150
4347
4360
5510
1069
378
5111
2632
92
3691
5515
5621
4022
2955
3561
4977
2865
4454
5595
2839
4197
5584
1949
58
1733
2107
1869
1742
4731
2475
3318
5441
4219
2663
4704
480
2937
3994
2535
1684
2680
3411
602
2227
5125
2083
4239
2004
3470
2014
3116
1943
773
490
2352
2703
1199
3763
2340
3376
5605
2635
2279
1830
2605
343
1748
4003
214
3560
1173
2885
2606
5215
5557
3119
2818
3385
1985
4889
3749
2045
4780
2005
2990
2278
5179
1858
2562
5486
4590
1378
4365
2328
3585
3417
4506
1073
5167
5199
4652
2405
3115
5599
2189
2512
4441
3639
273
1900
4417
4779
1301
4399
2995
4491
4921
1236
19
5030
1850
2634
1668
1899
1364
2542
4825
2801
3039
5601
1039
3629
2770
593
639
6
596
4773
5003
2343
2515
1049
350
1027
332
1961
2950
1220
4355
318
1596
1971
34
53
1868
4033
2584
3365
1523
3491
1314
1991
5525
3354
3817
1848
2560
1194
2040
4703
714
1193
2382
1071
3804
2181
614
2274
3798
5074
3555
344
2718
970
5151
1308
1008
2578
4124
3397
5050
5177
108
5001
4822
4608
5559
1559
2018
3359
696
2100
4050
3346
2976
1954
968
5218
5562
2077
10
4606
5297
3414
349
4432
1663
172
3625
3633
2702
2252
3456
944
999
1988
1265
52
3011
2870
1475
2536
913
4240
1136
2520
4797
2201
2196
2169
3543
28
1696
1861
3903
1089
1620
2806
4528
2763
3835
5499
430
2640
155
687
4461
937
4363
2909
5617
3729
4260
355
1551
1099
3862
5166
5303
3636
3968
2814
3413
3409
2427
4569
5103
3410
1929
5502
5356
4350
5016
1139
1623
2621
297
31
5233
101
345
525
1292
2207
931
5212
3174
4698
1697
2351
3085
3428
1009
5337
1070
1771
3106
689
2738
4113
300
2433
3041
163
1143
5350
2823
2304
2844
1393
3074
4765
2225
2748
224
442
4650
816
3693
3097
4886
1256
1168
436
5449
868
4523
1605
612
4576
2646
2840
1810
391
2035
4087
3435
609
3324
2658
4220
5409
1373
821
3063
483
3494
3305
1353
1514
15
1718
4663
1710
4679
4810
220
3600
38
4793
3480
4672
928
2861
3689
3136
4552
5536
377
5482
1002
406
2670
4331
4291
2251
2224
3327
4000
3439
1384
39
3769
1385
4084
4738
1646
1913
4904
5070
4106
3884
4018
3132
963
688
5035
5564
5224
5347
3476
1628
2445
2395
3131
1979
4234
5141
5521
21
1731
2210
2841
2660
4185
3935
1457
545
2821
1257
2469
3671
3353
2782
4392
5223
1007
2626
2984
5413
5301
5519
1375
3094
533
1657
4609
5583
4281
4017
1288
526
139
2423
4514
910
3458
4628
703
626
1834
3868
4096
3058
2199
2447
476
986
1067
5424
3122
1500
4056
3349
3350
4407
1711
1112
2291
5027
2876
2981
613
4295
4673
1485
1498
803
5242
3478
4104
4458
1169
3514
618
4464
4697
2561
3617
2262
942
3573
3114
2874
1661
2053
1804
3622
2516
3463
1304
1234
2925
3976
548
104
5501
4376
1309
3343
2043
3370
5134
2613
2016
5079
67
586
2381
570
1870
3444
5106
3178
952
2602
4651
254
5514
2998
547
3199
4030
199
2933
4666
5333
4013
5465
2546
2895
4342
5336
5068
2846
150
3351
2742
258
5437
3034
2143
4177
3863
5545
69
4348
912
5135
4951
3549
453
4148
1057
4654
824
3701
3690
3738
5286
523
2271
2692
2884
2091
2931
4811
625
2977
2899
3342
5453
2244
4906
3396
2349
1759
766
3770
527
4730
2794
2101
1819
1403
1766
5221
690
2959
2547
572
3819
1290
5294
5612
1982
4963
75
3855
1945
5622
5307
4739
1458
3885
4541
2999
96
2386
4589
950
109
2330
2054
985
4802
2905
851
5054
629
1629
2781
4895
873
882
248
3348
836
5392
1402
3846
1201
783
3925
4241
501
3730
315
3420
4872
3967
2601
521
5558
4158
1494
3308
949
651
3879
5373
2989
2893
1642
4205
3940
2293
3544
1904
2221
3579
1348
5494
3057
451
1554
2930
1950
5344
1095
5355
5370
5040
1324
5288
4814
2986
1081
1599
1665
801
3001
3099
1670
231
3135
1643
692
2786
3198
869
2785
2592
3834
3906
5197
3177
1757
1598
3007
972
2807
4311
513
874
3317
2600
1760
5195
5445
3926
2713
4616
4820
634
252
4162
5484
2851
2283
1313
2533
1791
536
3837
2685
2731
3955
1641
2615
4036
4406
2285
4405
2413
1072
2322
650
3171
1229
5181
2672
645
2611
1432
3966
669
4527
4856
2966
2015
3043
1195
1443
730
1924
1836
3103
2214
752
5480
2551
1030
742
73
1276
1753
364
17221520
820
4047
3648
2284
2945
2625
2152
3161
617
1358
217
136
2791
578
3433
4320
4261
1574
2883
2303
3882
4516
4550
2434
5469
1593
4560
3917
1659
1262
5420
1716
5236
1291
4978
4753
4357
2149
3858
1091
569
862
2727
3656
2848
2391
627
1212
3189
5246
1061
826
316
4232
1918
1025
4057
995
3692
175
5609
847
804
3138
4745
3423
1339
5279
3796
1303
242
3849
3471
1787
4597
4887
2215
3843
4766
916
553
1408
2393
4824
2740
4535
4665
4917
4126
724
915
5078
1704
640
5462
1171
4796
4686
4154
3847
394
718
4280
3797
1382
861
517
1258
1059
2052
4656
123
3781
3895
5272
3911
5448
2916
5255
4372
2013
5262
3608
49
815
347
4618
1238
4309
4122
5323
2026
4370
4217
4747
3642
5603
3316
2922
3669
3390
3335
5576
1084
2123
2237
398
1720
2620
4167
1838
4873
1447
5406
1816
817
1919
3338
2644
4595
4418
4026
5594
4522
4135
4586
1496
2793
4108
3659
415
4028
844
1645
3451
23
3059
425
5105
143
5403
1778
3432
4736
4496
1524
898
2066
2954
4398
3698
1037
3105
870
5012
5471
4289
2116
3540
3154
2910
3468
2758
1826
5434
3975
3942
1811
5168
3330
3887
3010
5317
2003
1474
396
1776
3121
3891
4455
4640
2209
1764
681
933
3731
3021
120
1589
2377
4006
954
1610
2438
1430
1758
1743
822
4559
3120
3013
5300
2894
1925
2650
4924
4377
2047
2649
966
4446
543
1960
1818
2759
4807
5349
4644
588
5527
382
807
539
647
4754
3334
4712
484
2774
1957
4501
42
5592
2595
206
4634
338
2266
4980
2430
3840
4298
1797
1983
1833
1790
5138
2282
380
4971
2292
5586
1412
5360
4230
3525
3082
505
4932
5263
1717
5394
3742
226
4737
1594
3374
4212
4603
2993
567
2529
2044
1933
4040
727
294
4648
223
516
3006
3905
44
4838
1917
4082
4909
1461
1231
606
5174
2576
683
272
2126
1867
1573
1394
5157
293
400
4472
3430
202
1793
657
1433
1824
1762
5431
4993
4163
4968
1326
2882
922
2021
207
5591
2978
4748
4045
1101
1936
5614
135
4637
1329
270
2399
2539
4041
5146
4456
4443
5116
1031
589
3479
3904
4051
1747
3677
2829
2444
2700
3733
2898
2158
3595
64
229
2956
2527
1512
1270
583
2914
3728
4933
5458
929
2234
3402
4532
1624
1958
1
4433
3333
3938
3995
4729
5539
5183
5176
5097
2942
2830
3110
1150
4064
2350
1366
181
3640
404
4928
1293
5593
5535
4891
1117
1634
646
5460
853
4451
5596
512
1172
4781
5005
2557
5099
3875
3828
3848
4482
3795
4897
2555
3156
4120
2178
660
1846
3530
4884
3429
1690
1828
1134
1719
3852
2318
5206
3755
1346
3487
375
5031
1612
4799
3697
4789
1995
4267
256
4155
607
1966
761
1915
3322
2765
2767
1109
1907
414
3833
3534
2987
2856
4049
3764
2023
2867
1280
5276
577
1591
2607
4846
1211
4682
2042
5235
446
3707
340
1465
4615
249
5524
4094
4721
216
1405
732
805
3024
3866
2648
4858
2220
1406
2144
1751
2725
2526
880
4641
4643
2948
1792
1814
2213
1705
2120
2191
791
4711
1592
4723
2517
4903
989
4110
1990
2051
2471
4329
289
1387
802
4029
829
2468
2332
2397
1486
3454
2204
723
3806
1959
1237
2394
4288
2255
1159
410
3143
213
709
3472
1019
5190
2308
635
2911
498
2217
914
5265
500
2295
2809
4142
708
2783
2059
3504
1456
1923
4702
4957
4744
352
1180
1050
3086
5089
511
2180
5325
2583
561
4411
2667
3345
2708
4768
5162
3407
1202
2852
421
1284
5518
3831
47
2431
735
327
1805
1167
362
4308
3711
2111
3665
4213
1267
2096
283
5282
1043
1336
1181
784
5624
3720
4874
1128
2938
4998
506
1619
3401
3399
4146
385
4136
3098
2871
2553
2963
5432
5292
638
1103
2964
2571
4610
4568
4080
5335
5082
1053
5517
1495
4722
22
1978
917
4123
806
3785
2231
4801
1823
1200
4659
3452
1779
4270
4791
2366
5427
672
3703
934
2406
2345
3168
2643
4564
1732
1635
4382
3998
2506
2336
496
271
89
5555
45
3914
2356
1307
1466
1449
233
3393
1034
1817
2331
2141
2272
693
2701
1938
1626
4429
2482
1318
1999
697
3373
116
3856
2363
5375
78
4647
5186
4302
2587
1300
1156
636
2678
3783
2951
1931
204
1132
3984
1712
3980
1219
4894
4611
3557
4547
4953
4626
3311
584
4565
3426
4210
107
5032
2124
2360
3067
3888
5047
5200
3674
4577
1640
2580
2824
2019
4934
2820
3377
4676
3654
4724
1737
3304
1239
5264
905
2173
1482
1584
4505
3800
5009
452
1542
712
43
810
2538
2074
3971
472
3126
4485
4558
3060
2975
3355
633
1157
2903
1872
3157
3877
3183
1102
5451
3434
4533
5098
1568
4054
3723
1240
909
311
1046
4935
2698
2682
2420
1761
3038
3864
4312
2294
5
3018
4845
3567
707
1682
4262
4923
320
3337
3003
211
2104
1029
3506
4660
5476
1010
1145
4410
4306
918
2577
2941
3786
1436
1877
1667
5208
2017
4476
1768
1116
980
2778
4188
1088
1120
3339
900
1253
4683
3166
1383
2952
2109
330
5076
3892
3100
5251
4118
1701
3130
4936
4340
1028
2739
4075
2608
1225
1283
3536
4563
951
2302
2659
441
4818
82
1975
1216
2037
974
4450
1671
1347
5161
4186
5425
832
1822
194
4144
2099
2093
3321
1058
4274
5353
1446
1613
4252
1082
208
4206
1389
177
182
2108
1633
2287
5193
3635
637
677
4264
4882
959
4575
387
2463
4997
2200
1371
762
1566
4627
3871
1285
1602
2114
4156
3492
56
1989
174
1630
4063
3894
5533
1191
3167
2275
4554
185
1013
4975
5256
3839
2121
3878
4868
2811
3782
4011
5194
4285
1875
2429
1423
3040
5598
4388
5446
2593
5313
2012
296
1649
3508
2804
967
3621
5546
1455
2855
4435
4828
797
374
3133
4282
1571
1038
3069
5019
2151
940
4199
2265
2789
3657
5163
628
3108
3499
3602
2696
3718
5419
4318
3118
2623
1677
2631
478
3876
397
668
4800
4760
1004
2594
4195
3702
1310
1675
1546
4849
529
1863
5467
1179
1575
1770
2953
2159
1673
5084
4400
1600
85
1745
4490
4976
4233
4879
2133
72
1703
5435
4090
1183
902
4005
3045
2156
3486
2459
2970
1414
3469
4277
4354
1115
5389
4251
2982
4869
4699
4914
1160
1467
2724
1794
4734
691
2892
3513
2299
1687
1296
1241
1416
5247
1178
3807
5320
656
3092
443
1185
4457
4393
1505
1454
5058
4981
424
4403
5085
1615
5306
1662
767
3529
1476
1003
3559
4511
1545
4870
5496
4918
2500
755
3175
5222
3740
1021
2119
1243
573
5540
5345
1055
3927
3924
5017
556
195
3331
3031
110
158
673
4244
1756
4390
1278
982
4344
728
1912
3405
5121
2153
2972
2661
2175
741
3188
1844
2195
4046
5280
5412
722
3016
1736
4705
3576
1553
4271
159
4301
1884
115
4841
3802
461
4880
3182
4684
886
4475
3810
1772
2655
2508
3630
29
5229
888
1606
2760
2684
1230
2317
1723
5187
5331
984
2714
604
4962
433
4790
2622
4987
3787
4297
889
1227
4709
713
4842
2771
138
4273
5382
4437
1419
3547
1889
482
3578
3524
3005
423
3713
2245
462
4854
1530
3065
3714
1214
795
1707
4587
4194
4447
5075
1852
5211
1967
1783
5296
594
842
1226
429
2939
1076
1215
4984
1441
3158
3197
2085
4249
814
1997
1740
1815
743
4035
274
751
4034
587
3682
2887
554
5227
127
5538
4761
2230
582
1255
61
4566
1036
5298
193
2826
4961
1962
1891
872
454
5487
4866
1908
884
1896
1842
4366
1317
5492
5534
1506
339
5490
2766
2489
2321
4696
4272
3943
4131
2155
838
2024
3180
739
1775
4492
269
4830
4883
1903
866
4806
1541
3883
322
37393757
3064
328
1879
87
2711
1728
492
4323
2454
3999
664
1880
4539
4258
2636
146
4878
2236
4107
4504
4474
4085
5569
383
3489
890
4764
2185
280
4752
4775
360
4322
4269
381
11763638
3838
508
1005
658
1000
841
470
2122
5340
468
376
5585
4070
4242
3776
4701
326
1871
4278
1780
830
5366
1972
4101
54
70
5178
4243
4200
5304
619
4207
2757
4462
1750
5299
4777
1902
3613
4636
4231
341
3612
699
840
3683
1977
2633
1395
118
2358
4027
2886
4952
4834
875
471
1965
3080
41
4445
160
1075
3912
1820
4415
3134
2277
276
5155
3048
4776
1340
4069
2432
947
1674
5454
5473
4391
2552
499
1652
4460
2072
4786
2628
5072
2058
5321
1755
4237
3939
2558
955
1090
2960
2276
2800
3323
5587
2835
5522
1569
2863
4843
2772
4473
2006
1503
1017
2365
3597
4542
1355
2383
2710
2170
733
4497
1951
4742
2439
983
1956
3653
4180
2630
1374
1517
885
2025
616
5468
4821
237
1664
5380
2762
3046
389
4508
3012
574
4153
2415
275
2020
3438
137
3981
51
4351
439
3329
4470
3572
753
1165
5102
4397
1676
1370
4518
3395
329
46
4037
259
4681
1297
3546
5511
5112
2694
5417
2737
923
2750
3159
2589
811
2878
346
1558
4695
212
313
5575
5381
1927
2912
5512
3605
834
4268
403
342
1379
4275
4964
3050
2030
1068
4293
1686
278
1694
2029
663
1422
546
8463778
2849
65
4375
81
4409
4844
4958
3201
3380
595
3169
1862
4583
1315
1282
88
2450
1631
4832
1688
5400
1197
603
5580
4713
2528
3873
1273
221
3655
5489
4423
5488
3643
4916
5248
3922
192
5063
3953
2669
1597
113
1268
1434
4481
4910
361
2238
5029
2519
4792
180
3500
5606
4015
4794
5002
5018
4019
210
793
2741
2280
5234
132
1576
5000
2581
2402
1738
4414
2796
3446
3607
835
3352
4743
460
111
3436
3872
1963
4316
1926
13
3921
463
2624
794
198
2715
489
852
4179
3066
379
126
3824
560
2134
3974
919
4319
1338
2639
232
370
695
4279
4667
4099
324
4196
3442
5363
4010
3194
1555
3989
3684
1892
5359
4079
1881
1323
2880
2203
2060
4408
3663
1098
2543
3712
14
3771
5500
1001
4315
34413440
365
2991
3615
5474
632
5065
580
3424
465
3948
562
787
431
1054
3465
978
4817
3556
2113
3531
1472
3867
3070
2996
4132
3881
222
5284
4463
2457
4449
5433
4465
178
145
2854
1245
2467
60
3932
3147
4173
4593
960
3550
598
4425
2485
3523
4556
1333
4836
2115
1932
4307
357
117
5061
333
4574
1885
5589
1462
2154
449
3079
5481
4176
4174
5577
856
426
894
2831
1365
2693
5326
4602
971
5291
3790
2921
2881
3979
827
1077
1269
4988
2747
309
2689
1906
3332
643
4265
789
5314
1470
5523
4021
2327
2790
4782
1142
3910
2687
4898
1079
2473
5171
4763
682
775
2142
3511
1356
368
2417
4902
4986
4860
961
2177
4580
1190
774
4630
1845
2161
5152
3357
4612
3978
3412
481
5508
4544
3896
5551
510
745
867
5148
1246
4499
3959
670
4389
3052
1274
4424
4467
1786
4919
2721
3416
780
1604
4890
5334
4927
4607
4635
3673
4373
5439
4495
4193
4385
1152
698
1264
4945
1583
1187
1354
5237
3734
4326
494
325
57
1251
4489
1174
2735
2604
4478
4471
4691
5386
778
4770
306
1409
1332
1946
4201
3909
157
2566
2712
5033
1175
549
1233
201
1851
4840
3792
351
981
4345
624
196
295
1429
1616
1693
2011
2979
3987
1947
3805
4062
3832
1853
1874
98
5364
4048
1277
3460
3073
4911
1020
2834
4330
4534
4436
25682570
25683040
4211
2000
2862
3490
428
3915
1513
5405
1254
5566
5285
788
5189
2148
503
3519
5295
2802
4031
4543
5269
4950
849
4631
776
4517
1876
384
99
234
825
267
3944
4725
777
3072
2202
3071
736
1337
2027
1579
3951
2860
641
4548
2707
1603
2329
2510
4092
4296
5159
5390
1420
3902
1359
4946
4484
1920
1206
4223
675
5410
4999
800
209
5497
887
4468
1681
4588
4529
4837
4581
4939
2305
3127
4573
3526
4662
3715
2371
1532
2550
5588
2637
2319
2182
4498
5069
279
1341
4401
4381
369
4926
1528
1123
1331
2028
4361
2416
3596
5582
2483
4284
4256
5267
3760
3929
4266
3102
1769
4922
1709
2582
1048
3095
3096
3075
336
1660
3447
4900
292
1570
2686
5608
319
4787
2273
5220
5260
3821
3032
4852
491
4913
497
3532
3937
5096
4888
3527
4402
4959
4944
2522
5241
215
3865
5245
2314
2333
3548
4479
3791
4038
662
3577
4356
4551
2935
4324
62
748
2565
605
3647
419
4974
858
1518
4362
5252
356
1560
655
3325
5387
2957
3033
1639
3934
1452
4785
184
2997
771
4248
2674
1878
2418
1638
2437
2067
1974
4871
5039
4865
4875
5402
4371
4368
2780
250
1866
408
2458
2832
291
3773
4720
559
711
2267
3488
5170
5173
799
5393
3969
2057
5378
2456
3517
3652
729
5542
864
4989
5060
2890
4515
1042
3766
3124
5322
4804
36
5493
585
2503
3537
2260
3678
5066
4469
4827
1935
1130
790
4067
2838
4427
1888
5520
964
2866
4503
1259
4859
4774
4477
4353
1986
558
2353
2145
563
5230
502
1493
4798
4965
1464
4332
4829
77
2544
84
4438
1396
3644
4530
2132
5416
3111
2773
855
4208
4364
371
2810
474
1695
3026
3750
809
2157
4784
5541
4068
2335
3889
895
3515
2084
1328
5619
1948
2341
2239
4421
3826
823
4493
2001
277
2361
1617
74
5415
883
4617
1809
2110
610
5379
4943
2897
674
1644
4304
334
1964
2009
2465
5271
2481
2585
4956
2642
2426
1795
1582
2695
4333
2734
550
1281
5073
4809
754
3907
3457
3081
418
1873
4349
621
1669
1426
2162
2086
4857
4783
2988
24
5430
943
2769
535
100
4706
532
4294
479
4255
5203
1735
4620
413
411
2164
1469
3312
653
5239
5238
4813
4379
4
5570
4076
3574
2926
1481
702
1865
1153
4553
731
335
5182
1981
1550
2599
3869
5450
3400
2676
4325
3830
3829
4915
3593
2477
3920
1502
4942
3716
1483
2452
1052
4795
4283
1928
4300
4287
2253
1609
3445
238
4960
3988
631
2755
4292
5354
5422
2146
704
354
4276
3425
1827
876
112
3320
1316
4847
1235
4925
4954
2828
1647
4182
51005101
1840
4321
2677
2940
495
2668
879
524
3950
4940
151
3473
2160
5052
4855
781
4896
4677
4512
5529
3823
2888
4343
457
1580
3484
55
488
5240
3977
4426
3890
4861
2754
725
2709
666
2174
1104
5597
992
3861
3897
4708
253
3851
2699
3637
4657
4833
1901
2088
4831
4175
1973
4941
4805
2815
2163
170
3453
5374
3028
2857
4257
2656
466
3497
1666
4428
4086
4812
5385
2320
4985
555
5498
1800
4338
4466
2603
671
1479
857
148
4658
3437
1018
4562
469
3160
3931
2404
3104
3190
3564
2994
2494
1837
4310
2850
2442
3743
2497
4853
642
4525
2312
1678
2752
2973
3518
813
3651
5232
1730
4488
2490
3477
2069
812
4020
2569
2388
2242
1286
945
3150
9
3078
3964
3389
409
405
1376
5250
5139
2484
5086
437
2263
1480
63
487
1471
2958
4117
831
5042
828
323
4039
4093
1298
4032
845
1335
392
1895
2286
1351
3758
1477
3672
5573
2743
3336
4669
579
1789
1126
4955
1129
4259
1969
1549
287
566
3443
5044
3580
3462
2691
5397
5041
3616
4299
4346
5202
4751
219
247
3552
3055
5283
3859
590
1305
4629
5365
4044
4236
4305
676
5309
83
3562
2130
2843
597
2775
477
5581
4746
3125
3090
2131
4995
924
5436
2061
5090
4758
358
3054
422
1044
5372
3512
2261
420
475
366
5367
786
434
865
5369
5377
665
1744
1133
3368
2389
2387
2704
1552
1998
1114
2315
1882
171
2002
2833
359
2913
1149
5341
2591
3200
2103
4227
3044
2803
893
1930
5358
1468
3151
5423
1993
2451
4247
2688
2412
2567
4994
5362
5388
3626
90
176
3812
4996
4065
4767
141
843
734
3533
2211
5371
557
1595
4359
3685
4181
4187
541
3901
2947
4901
3898
1222
4520
5114
719
2924
5136
5149
3356
2428
1421
552
388
3375
5081
3315
1148
540
282
35
871
5249
205
2031
3020
2188
2612
179
1898
1450
531
4949
2369
2683
1357
2514
130
3946
186
1561
1796
119
2301
5289
3406
3369
1217
3582
5150
4778
4378
3645
4358
4881
1952
2610
122
4688
3591
2139
5051
464
1585
3541
3347
2891
5324
5008
2102
2654
2140
5226
255
2079
416
4494
993
551
1976
648
644
4507
1721
1953
2357
2969
5554
1773
4380
448
2184
5122
519
1724
1032
1141
2138
2761
2726
2653
4598
2728
4184
131
263
412
4303
5049
678
3970
738
97
1170
17
1942
927
95
5277
5261
486
581
1708
4025
3675
4835
5361
5391
2055
4509
3695
3632
401
1618
244
16
4850
317
147
4290
750
262
1463
4599
4899
2472
5133
3945
3923
3467
1539
5107
850
1306
5459
1955
5572
3919
4112
2971
5020
5077
1368
990
1460
3394
5113
432
5440
1327
3913
1829
2946
1022
4500
1714
298
1425
261
4740
4619
3186
5383
1361
1940
5396
1864
3185
1164
5254
5447
4694
5352
1890
1113
3202
592
679
5169
3963
930
3721
183
4715
5120
920
493
2764
2105
5513
1692
3093
1369
4664
5478
4502
2466
2256
188
5188
973
3
623
2461
2306
5470
4885
3455
4216
715
4839
187
3145
717
5006
1363
4191
4596
2367
3139
2792
4480
5094
4538
3382
3990
2929
1739
5472
4557
969
5556
2652
4510
